 1 -0.0227834 -0.0194215 -0.02264746666666667 0.001449699999999999 -0.003788366666666665 -9.213333333333342e-05 0.009562666666666667 0.001459733333333335 -0.0006874333333333331 -0.01011746666666666 -0.007927433333333333 0.0005145333333333328 0.001847699999999999 -0.0004913 -0.001468166666666666 0.269485 0.01416036666666667 0.01708136666666666 0.02863993333333333 -0.70291
 -0.0227834 1 -0.02309183333333333 -0.02922406666666666 -0.01215323333333333 9.206666666666634e-05 0.004735533333333332 0.0002994666666666668 0.0004852666666666664 0.0004576999999999995 -0.001786433333333333 0.003676533333333334 0.006932699999999999 0.006758666666666668 -5.826666666666596e-05 -0.003605033333333334 0.2785087666666667 0.02004806666666667 0.02594026666666667 -0.4817119333333334 0.01795646666666667
 -0.0194215 -0.02309183333333333 1 -0.0265709 0.006764666666666665 -0.008268333333333334 0.008282233333333333 0.01058166666666666 -0.006397066666666664 -0.006586900000000001 0.002105933333333332 0.007980433333333335 0.000856166666666666 0.002563066666666665 0.001606666666666666 -0.007791200000000001 0.287392 0.0210451 -0.4205896666666666 0.006866300000000002 0.01078613333333334
 -0.02264746666666667 -0.02922406666666666 -0.0265709 1 -0.01067216666666667 0.006196133333333334 -0.001501633333333332 0.003570466666666667 -0.005493333333333334 0.003033666666666666 0.006058733333333334 -0.0001386666666666659 0.001836266666666667 0.0001643999999999998 0.002758800000000001 0.008281766666666666 0.2768906 -0.3286204666666667 0.0162703 0.01552963333333333 0.01763153333333333
 0.001449699999999999 -0.01215323333333333 0.006764666666666665 -0.01067216666666667 1 -0.002325966666666666 -0.004161 -0.002039833333333334 0.003871933333333335 0.0003523333333333331 0.000221233333333333 0.009300133333333334 0.0018333 -0.006356666666666667 0.003806066666666669 -0.001474033333333335 -0.0064501 0.02060286666666666 0.01538893333333333 0.01901096666666666 0.009319233333333333
 -0.003788366666666665 9.206666666666634e-05 -0.008268333333333334 0.006196133333333334 -0.002325966666666666 1 -0.005381266666666667 -0.0009660000000000017 0.003561266666666667 -0.0004764666666666662 -0.0002361333333333336 -0.01765943333333332 -0.008821066666666665 -0.003606533333333334 0.003116433333333333 0.003124633333333334 0.0002612999999999992 0.01504406666666666 0.02368223333333333 0.01970506666666666 0.01191773333333333
 -9.213333333333342e-05 0.004735533333333332 0.008282233333333333 -0.001501633333333332 -0.004161 -0.005381266666666667 1 0.003469933333333333 0.0024099 0.0006797666666666668 0.001944633333333334 0.006012966666666666 0.004882366666666667 0.0001259999999999988 0.005243766666666667 0.001395233333333334 0.007235466666666666 0.01773209999999999 0.01132226666666667 0.0108231 0.01002103333333333
 0.009562666666666667 0.0002994666666666668 0.01058166666666666 0.003570466666666667 -0.002039833333333334 -0.0009660000000000017 0.003469933333333333 1 0.007270399999999999 0.0003340333333333337 -0.001205300000000001 0.004099266666666667 0.006732133333333333 0.001228466666666668 0.0075233 -0.003202933333333334 0.01196596666666666 0.02524496666666666 0.0174396 0.02373593333333333 0.0043049
 0.001459733333333335 0.0004852666666666664 -0.006397066666666664 -0.005493333333333334 0.003871933333333335 0.003561266666666667 0.0024099 0.007270399999999999 1 -0.002983666666666667 0.005032633333333333 -0.000702866666666666 0.004049766666666667 -0.005607500000000001 -0.005346466666666667 0.008794899999999996 0.001913433333333332 0.02767159999999999 0.03294393333333333 0.02202819999999999 0.01475806666666667
 -0.0006874333333333331 0.0004576999999999995 -0.006586900000000001 0.003033666666666666 0.0003523333333333331 -0.0004764666666666662 0.0006797666666666668 0.0003340333333333337 -0.002983666666666667 1 -0.0038667 0.009870266666666664 0.003231233333333334 -0.004956733333333334 0.002170333333333334 0.003299533333333335 -0.0008696999999999994 0.02944523333333333 0.02714576666666666 0.0211478 0.0169701
 -0.01011746666666666 -0.001786433333333333 0.002105933333333332 0.006058733333333334 0.000221233333333333 -0.0002361333333333336 0.001944633333333334 -0.001205300000000001 0.005032633333333333 -0.0038667 1 0.004223533333333333 0.004987066666666667 -0.002469933333333333 0.0045312 -0.007700166666666664 -0.002018233333333334 0.03048753333333333 0.02980666666666667 0.03080813333333333 0.02521563333333333
 -0.007927433333333333 0.003676533333333334 0.007980433333333335 -0.0001386666666666659 0.009300133333333334 -0.01765943333333332 0.006012966666666666 0.004099266666666667 -0.000702866666666666 0.009870266666666664 0.004223533333333333 1 -0.001590266666666667 -0.004338133333333333 0.01494996666666667 -0.006072166666666668 0.004315200000000002 0.03694373333333334 0.0296716 0.0264962 0.02444843333333334
 0.0005145333333333328 0.006932699999999999 0.000856166666666666 0.001836266666666667 0.0018333 -0.008821066666666665 0.004882366666666667 0.006732133333333333 0.004049766666666667 0.003231233333333334 0.004987066666666667 -0.001590266666666667 1 -0.007605399999999999 0.003975866666666665 -0.001243300000000001 0.0101884 0.04378446666666666 0.03812166666666668 0.03350673333333333 0.02016096666666667
 0.001847699999999999 0.006758666666666668 0.002563066666666665 0.0001643999999999998 -0.006356666666666667 -0.003606533333333334 0.0001259999999999988 0.001228466666666668 -0.005607500000000001 -0.004956733333333334 -0.002469933333333333 -0.004338133333333333 -0.007605399999999999 1 -0.005149500000000003 0.007973166666666667 0.008906700000000002 0.05017439999999999 0.04356696666666667 0.03736136666666667 0.0208888
 -0.0004913 -5.826666666666596e-05 0.001606666666666666 0.002758800000000001 0.003806066666666669 0.003116433333333333 0.005243766666666667 0.0075233 -0.005346466666666667 0.002170333333333334 0.0045312 0.01494996666666667 0.003975866666666665 -0.005149500000000003 1 0.001973299999999998 0.0022655 0.05179643333333334 0.04716003333333334 0.04633383333333333 0.02747846666666667
 -0.001468166666666666 -0.003605033333333334 -0.007791200000000001 0.008281766666666666 -0.001474033333333335 0.003124633333333334 0.001395233333333334 -0.003202933333333334 0.008794899999999996 0.003299533333333335 -0.007700166666666664 -0.006072166666666668 -0.001243300000000001 0.007973166666666667 0.001973299999999998 1 0.0006338666666666668 0.05408056666666668 0.0540844 0.04660233333333333 0.02703866666666666
 0.269485 0.2785087666666667 0.287392 0.2768906 -0.0064501 0.0002612999999999992 0.007235466666666666 0.01196596666666666 0.001913433333333332 -0.0008696999999999994 -0.002018233333333334 0.004315200000000002 0.0101884 0.008906700000000002 0.0022655 0.0006338666666666668 1 -0.1427914333333334 -0.176163 -0.1972825666666667 -0.2470457
 0.01416036666666667 0.02004806666666667 0.0210451 -0.3286204666666667 0.02060286666666666 0.01504406666666666 0.01773209999999999 0.02524496666666666 0.02767159999999999 0.02944523333333333 0.03048753333333333 0.03694373333333334 0.04378446666666666 0.05017439999999999 0.05179643333333334 0.05408056666666668 -0.1427914333333334 1 0.4056415666666666 0.3668530666666666 0.2053194
 0.01708136666666666 0.02594026666666667 -0.4205896666666666 0.0162703 0.01538893333333333 0.02368223333333333 0.01132226666666667 0.0174396 0.03294393333333333 0.02714576666666666 0.02980666666666667 0.0296716 0.03812166666666668 0.04356696666666667 0.04716003333333334 0.0540844 -0.176163 0.4056415666666666 1 0.3180190333333333 0.1789780666666666
 0.02863993333333333 -0.4817119333333334 0.006866300000000002 0.01552963333333333 0.01901096666666666 0.01970506666666666 0.0108231 0.02373593333333333 0.02202819999999999 0.0211478 0.03080813333333333 0.0264962 0.03350673333333333 0.03736136666666667 0.04633383333333333 0.04660233333333333 -0.1972825666666667 0.3668530666666666 0.3180190333333333 1 0.1466225333333333
 -0.70291 0.01795646666666667 0.01078613333333334 0.01763153333333333 0.009319233333333333 0.01191773333333333 0.01002103333333333 0.0043049 0.01475806666666667 0.0169701 0.02521563333333333 0.02444843333333334 0.02016096666666667 0.0208888 0.02747846666666667 0.02703866666666666 -0.2470457 0.2053194 0.1789780666666666 0.1466225333333333 1


