 1 0.2179954 -0.037699 -0.1954189666666667 0.01171900000000001 0.0002577666666666626 0.002541000000000001 -0.04919350000000001 -0.05926429999999998 -0.03056006666666666 -0.04019763333333332 -0.0156902 -0.03559429999999999 -0.01562433333333334 -0.0381319 -0.04781483333333333 0.2284919333333333 0.1667029333333333 0.06507429999999997 -0.1090183666666666 -0.9721958666666667
 0.2179954 1 0.05751626666666666 -0.1484326666666667 0.002187866666666668 0.03165516666666667 -0.01099196666666666 -0.0333876 -0.04576863333333334 -0.02315883333333333 -0.1007945 0.001433499999999999 -0.08351303333333335 -0.07650500000000002 -0.05271176666666667 -0.0278478 0.1603717666666667 0.0554399 -0.05524456666666666 -0.9093399999999999 -0.2575645666666667
 -0.037699 0.05751626666666666 1 -0.1003178 -0.07019313333333334 -0.01606156666666667 -0.02682506666666666 -0.0261248 -0.05191239999999999 -0.03994626666666667 -0.04841033333333335 -0.03025266666666666 -0.06478949999999999 -0.09842410000000004 -0.1105716666666667 0.04398156666666668 0.07841816666666665 0.005869933333333336 -0.8136765999999998 -0.1266891666666667 -0.01030993333333333
 -0.1954189666666667 -0.1484326666666667 -0.1003178 1 0.0255449 -0.03361959999999997 -0.03579036666666665 0.00378206666666666 -0.01370446666666667 -0.0006449333333333386 0.01908256666666667 -0.01602523333333333 -0.017933 -0.01997803333333332 -0.05102336666666666 -0.005608466666666668 0.1271936666666667 -0.7328515333333333 -0.02424896666666667 0.06810196666666667 0.1560139333333333
 0.01171900000000001 0.002187866666666668 -0.07019313333333334 0.0255449 1 -0.01490883333333333 -0.0303054 0.02375473333333333 -0.04245866666666667 0.02419906666666667 -0.00753766666666667 0.007685166666666663 0.01974853333333333 -0.01497353333333333 -0.005104366666666665 0.005570299999999999 -0.002407199999999999 -0.006938733333333336 0.05671340000000001 0.005128700000000001 0.0003388666666666671
 0.0002577666666666626 0.03165516666666667 -0.01606156666666667 -0.03361959999999997 -0.01490883333333333 1 -0.0130184 0.03865860000000001 -0.03179856666666667 -0.03568613333333334 -0.03197469999999999 0.03382180000000001 -0.09308236666666668 -0.005271133333333331 -0.03263186666666666 -0.0001952333333333278 0.01103673333333333 0.03439530000000001 0.01479183333333333 -0.0147301 0.001619933333333335
 0.002541000000000001 -0.01099196666666666 -0.02682506666666666 -0.03579036666666665 -0.0303054 -0.0130184 1 0.009865033333333328 0.03353000000000003 -0.00671553333333334 0.03303406666666666 0.02440566666666667 0.05138463333333334 0.08781763333333333 -0.006802499999999995 0.01033753333333334 0.003612600000000001 0.05694560000000001 0.05097986666666666 0.0220815 0.01253676666666667
 -0.04919350000000001 -0.0333876 -0.0261248 0.00378206666666666 0.02375473333333333 0.03865860000000001 0.009865033333333328 1 -0.01473993333333334 0.0290597 -0.02964273333333333 0.04398963333333333 0.02486276666666666 -0.04059603333333332 -0.03944840000000002 0.003211233333333337 -0.003124133333333334 0.01392593333333334 0.0315165 0.04196173333333333 0.05315853333333333
 -0.05926429999999998 -0.04576863333333334 -0.05191239999999999 -0.01370446666666667 -0.04245866666666667 -0.03179856666666667 0.03353000000000003 -0.01473993333333334 1 0.07899433333333332 0.04421576666666666 0.0588695 -0.02225456666666666 -0.04435309999999999 -0.0157464 0.009954833333333338 0.02032146666666667 0.05603749999999998 0.06824923333333333 0.05600233333333333 0.06228823333333332
 -0.03056006666666666 -0.02315883333333333 -0.03994626666666667 -0.0006449333333333386 0.02419906666666667 -0.03568613333333334 -0.00671553333333334 0.0290597 0.07899433333333332 1 -0.03072783333333334 -0.0138758 -0.006982300000000007 -0.0619474 -0.01258006666666667 -0.0390576 0.01783746666666667 0.0128949 0.03604933333333334 0.02821333333333334 0.03962196666666666
 -0.04019763333333332 -0.1007945 -0.04841033333333335 0.01908256666666667 -0.00753766666666667 -0.03197469999999999 0.03303406666666666 -0.02964273333333333 0.04421576666666666 -0.03072783333333334 1 0.0564492 0.04960873333333334 0.01320893333333334 0.05359863333333334 -0.01286553333333334 0.005196733333333332 0.01231863333333333 0.06484173333333335 0.1042239666666667 0.0466242
 -0.0156902 0.001433499999999999 -0.03025266666666666 -0.01602523333333333 0.007685166666666663 0.03382180000000001 0.02440566666666667 0.04398963333333333 0.0588695 -0.0138758 0.0564492 1 -0.006620033333333336 -0.01779500000000001 -0.0312382 0.05418076666666667 0.0293969 0.0267525 0.03665326666666667 0.007739533333333337 0.02029613333333334
 -0.03559429999999999 -0.08351303333333335 -0.06478949999999999 -0.017933 0.01974853333333333 -0.09308236666666668 0.05138463333333334 0.02486276666666666 -0.02225456666666666 -0.006982300000000007 0.04960873333333334 -0.006620033333333336 1 -0.02115983333333333 -0.001895366666666668 0.009668466666666662 0.02103353333333334 0.0658943 0.0873294333333333 0.09472793333333332 0.0564068
 -0.01562433333333334 -0.07650500000000002 -0.09842410000000004 -0.01997803333333332 -0.01497353333333333 -0.005271133333333331 0.08781763333333333 -0.04059603333333332 -0.04435309999999999 -0.0619474 0.01320893333333334 -0.01779500000000001 -0.02115983333333333 1 0.02929436666666667 0.01712200000000001 0.01818646666666667 0.0718873 0.1175027666666666 0.09214866666666667 0.03332856666666666
 -0.0381319 -0.05271176666666667 -0.1105716666666667 -0.05102336666666666 -0.005104366666666665 -0.03263186666666666 -0.006802499999999995 -0.03944840000000002 -0.0157464 -0.01258006666666667 0.05359863333333334 -0.0312382 -0.001895366666666668 0.02929436666666667 1 0.0126969 0.0283163 0.08401553333333332 0.1236203333333334 0.0738540333333333 0.05156689999999999
 -0.04781483333333333 -0.0278478 0.04398156666666668 -0.005608466666666668 0.005570299999999999 -0.0001952333333333278 0.01033753333333334 0.003211233333333337 0.009954833333333338 -0.0390576 -0.01286553333333334 0.05418076666666667 0.009668466666666662 0.01712200000000001 0.0126969 1 0.006588033333333335 0.0178041 -0.01468786666666667 0.02915576666666667 0.04403333333333333
 0.2284919333333333 0.1603717666666667 0.07841816666666665 0.1271936666666667 -0.002407199999999999 0.01103673333333333 0.003612600000000001 -0.003124133333333334 0.02032146666666667 0.01783746666666667 0.005196733333333332 0.0293969 0.02103353333333334 0.01818646666666667 0.0283163 0.006588033333333335 1 0.001247233333333334 0.036672 -0.08324636666666667 -0.2319193
 0.1667029333333333 0.0554399 0.005869933333333336 -0.7328515333333333 -0.006938733333333336 0.03439530000000001 0.05694560000000001 0.01392593333333334 0.05603749999999998 0.0128949 0.01231863333333333 0.0267525 0.0658943 0.0718873 0.08401553333333332 0.0178041 0.001247233333333334 1 0.2075455333333333 0.08248636666666664 -0.09427066666666664
 0.06507429999999997 -0.05524456666666666 -0.8136765999999998 -0.02424896666666667 0.05671340000000001 0.01479183333333333 0.05097986666666666 0.0315165 0.06824923333333333 0.03604933333333334 0.06484173333333335 0.03665326666666667 0.0873294333333333 0.1175027666666666 0.1236203333333334 -0.01468786666666667 0.036672 0.2075455333333333 1 0.1925272666666667 0.0136083
 -0.1090183666666666 -0.9093399999999999 -0.1266891666666667 0.06810196666666667 0.005128700000000001 -0.0147301 0.0220815 0.04196173333333333 0.05600233333333333 0.02821333333333334 0.1042239666666667 0.007739533333333337 0.09472793333333332 0.09214866666666667 0.0738540333333333 0.02915576666666667 -0.08324636666666667 0.08248636666666664 0.1925272666666667 1 0.1668924333333333
 -0.9721958666666667 -0.2575645666666667 -0.01030993333333333 0.1560139333333333 0.0003388666666666671 0.001619933333333335 0.01253676666666667 0.05315853333333333 0.06228823333333332 0.03962196666666666 0.0466242 0.02029613333333334 0.0564068 0.03332856666666666 0.05156689999999999 0.04403333333333333 -0.2319193 -0.09427066666666664 0.0136083 0.1668924333333333 1


