 1 0.5515103000000001 0.3699414000000001 0.1809855 0.06202296666666667 -0.1226595666666666 -0.04033259999999999 -0.08971343333333334 -0.08689406666666664 -0.03410816666666668 -0.1405320666666666 -0.1584171666666667 -0.1138219666666667 -0.1700920333333333 -0.1545421 -0.1475008333333334 0.2849949999999999 0.2102561666666667 0.1126435 -0.09186763333333332 -0.3505728333333333
 0.5515103000000001 1 0.3388325333333334 0.2260392 0.06369036666666668 -0.06466946666666666 -0.01891206666666666 -0.04474053333333333 -0.06519403333333333 -0.02081043333333333 -0.1296059666666667 -0.1108942 -0.07323416666666668 -0.1259842 -0.1730084000000001 -0.1429682333333333 0.3132641666666667 0.1974800333333334 0.1582841333333334 -0.2723617666666666 -0.1109294
 0.3699414000000001 0.3388325333333334 1 0.2623774666666667 -0.02329410000000001 -0.08618433333333338 -0.04049836666666667 -0.02466369999999999 -0.02782196666666665 -0.02315006666666667 -0.0751061 -0.1213581666666666 -0.07856930000000001 -0.1025591666666667 -0.08459023333333333 -0.05257773333333333 0.3271440666666667 0.1808913 -0.2464296333333333 0.03739536666666666 -0.04877063333333333
 0.1809855 0.2260392 0.2623774666666667 1 0.01327973333333333 -0.06513746666666667 -0.002891433333333335 0.0157767 -0.00553943333333333 0.0179628 -0.03934819999999999 -0.05627686666666668 -0.03885936666666667 -0.03465226666666667 -0.06367953333333336 -0.04758643333333334 0.2594227000000001 -0.2439765333333334 0.1287716666666667 0.07115006666666666 0.03062916666666667
 0.06202296666666667 0.06369036666666668 -0.02329410000000001 0.01327973333333333 1 -0.01354816666666665 0.001708933333333328 -0.007153133333333333 -0.03773326666666666 0.09542370000000001 0.03086400000000001 -0.03460323333333333 0.0145095 -0.01732466666666667 0.02937533333333333 0.02118570000000001 0.02049956666666666 0.02972516666666666 0.008947333333333335 -0.02461243333333334 -0.04391080000000001
 -0.1226595666666666 -0.06466946666666666 -0.08618433333333338 -0.06513746666666667 -0.01354816666666665 1 0.01990546666666667 -0.01451466666666666 0.06050743333333332 -0.005713533333333335 0.05337136666666667 0.01558106666666666 0.02515576666666667 -0.03443003333333334 -0.005687466666666658 0.06655113333333333 -0.0630624 0.0132352 0.003412033333333334 -0.02289613333333333 0.01606786666666667
 -0.04033259999999999 -0.01891206666666666 -0.04049836666666667 -0.002891433333333335 0.001708933333333328 0.01990546666666667 1 0.06329856666666668 -0.0224159 0.009357899999999997 -0.01759296666666667 0.05390923333333333 0.05331753333333334 0.04462146666666667 -0.04393686666666667 0.004532733333333332 -0.009347933333333327 -0.01896236666666667 0.01894263333333333 -0.0250366 0.008845633333333332
 -0.08971343333333334 -0.04474053333333333 -0.02466369999999999 0.0157767 -0.007153133333333333 -0.01451466666666666 0.06329856666666668 1 0.06290266666666669 -0.02211386666666668 -0.01284653333333334 0.005884933333333337 0.05006256666666667 0.04289633333333333 -0.013654 -0.01219426666666667 -0.02933076666666667 -0.00530886666666667 0.00799916666666667 -0.02624883333333333 0.0345311
 -0.08689406666666664 -0.06519403333333333 -0.02782196666666665 -0.00553943333333333 -0.03773326666666666 0.06050743333333332 -0.0224159 0.06290266666666669 1 0.0178324 0.0135729 -0.002472099999999997 0.02713273333333334 0.002394366666666667 -0.02555946666666667 0.04614680000000001 -0.03575396666666666 -0.03035586666666667 -0.001682433333333336 0.01007193333333333 0.02389253333333333
 -0.03410816666666668 -0.02081043333333333 -0.02315006666666667 0.0179628 0.09542370000000001 -0.005713533333333335 0.009357899999999997 -0.02211386666666668 0.0178324 1 -0.01305466666666667 0.008274633333333337 -0.02033536666666666 -0.009277900000000004 0.005014333333333333 -0.0224249 -0.01859686666666666 0.005152000000000003 -0.01122946666666667 -0.002152733333333337 -0.001131066666666666
 -0.1405320666666666 -0.1296059666666667 -0.0751061 -0.03934819999999999 0.03086400000000001 0.05337136666666667 -0.01759296666666667 -0.01284653333333334 0.0135729 -0.01305466666666667 1 0.01227493333333333 0.03700946666666667 -0.004714699999999996 0.04928706666666665 0.0645758 -0.04326 -0.06238586666666669 -0.00724506666666667 0.02156813333333333 0.02647363333333334
 -0.1584171666666667 -0.1108942 -0.1213581666666666 -0.05627686666666668 -0.03460323333333333 0.01558106666666666 0.05390923333333333 0.005884933333333337 -0.002472099999999997 0.008274633333333337 0.01227493333333333 1 -0.02891686666666667 0.01151613333333333 -0.006317799999999999 0.06090693333333333 -0.0675625 -0.04016476666666667 0.0135329 -0.01654829999999998 0.03242426666666667
 -0.1138219666666667 -0.07323416666666668 -0.07856930000000001 -0.03885936666666667 0.0145095 0.02515576666666667 0.05331753333333334 0.05006256666666667 0.02713273333333334 -0.02033536666666666 0.03700946666666667 -0.02891686666666667 1 0.07217763333333332 0.0722267 0.03783726666666667 -0.03894856666666666 -0.01690333333333333 -0.002407333333333335 -0.003303566666666668 -0.01510603333333333
 -0.1700920333333333 -0.1259842 -0.1025591666666667 -0.03465226666666667 -0.01732466666666667 -0.03443003333333334 0.04462146666666667 0.04289633333333333 0.002394366666666667 -0.009277900000000004 -0.004714699999999996 0.01151613333333333 0.07217763333333332 1 0.05627416666666665 0.06831566666666666 -0.07850813333333333 -0.02897073333333334 0.001504633333333335 -0.003952133333333336 0.01515333333333334
 -0.1545421 -0.1730084000000001 -0.08459023333333333 -0.06367953333333336 0.02937533333333333 -0.005687466666666658 -0.04393686666666667 -0.013654 -0.02555946666666667 0.005014333333333333 0.04928706666666665 -0.006317799999999999 0.0722267 0.05627416666666665 1 0.0372236 -0.08411783333333331 -0.02273869999999999 -0.02517423333333333 0.03087093333333334 7.233333333335016e-06
 -0.1475008333333334 -0.1429682333333333 -0.05257773333333333 -0.04758643333333334 0.02118570000000001 0.06655113333333333 0.004532733333333332 -0.01219426666666667 0.04614680000000001 -0.0224249 0.0645758 0.06090693333333333 0.03783726666666667 0.06831566666666666 0.0372236 1 -0.07341443333333333 -0.0278795 -0.0104293 0.01502 -0.01189063333333333
 0.2849949999999999 0.3132641666666667 0.3271440666666667 0.2594227000000001 0.02049956666666666 -0.0630624 -0.009347933333333327 -0.02933076666666667 -0.03575396666666666 -0.01859686666666666 -0.04326 -0.0675625 -0.03894856666666666 -0.07850813333333333 -0.08411783333333331 -0.07341443333333333 1 -0.3293361666666667 -0.3095077000000001 -0.3030565000000001 -0.2132416333333333
 0.2102561666666667 0.1974800333333334 0.1808913 -0.2439765333333334 0.02972516666666666 0.0132352 -0.01896236666666667 -0.00530886666666667 -0.03035586666666667 0.005152000000000003 -0.06238586666666669 -0.04016476666666667 -0.01690333333333333 -0.02897073333333334 -0.02273869999999999 -0.0278795 -0.3293361666666667 1 -0.2161216666666667 -0.2146061333333334 -0.1460650666666667
 0.1126435 0.1582841333333334 -0.2464296333333333 0.1287716666666667 0.008947333333333335 0.003412033333333334 0.01894263333333333 0.00799916666666667 -0.001682433333333336 -0.01122946666666667 -0.00724506666666667 0.0135329 -0.002407333333333335 0.001504633333333335 -0.02517423333333333 -0.0104293 -0.3095077000000001 -0.2161216666666667 1 -0.1734567333333333 -0.1191555666666666
 -0.09186763333333332 -0.2723617666666666 0.03739536666666666 0.07115006666666666 -0.02461243333333334 -0.02289613333333333 -0.0250366 -0.02624883333333333 0.01007193333333333 -0.002152733333333337 0.02156813333333333 -0.01654829999999998 -0.003303566666666668 -0.003952133333333336 0.03087093333333334 0.01502 -0.3030565000000001 -0.2146061333333334 -0.1734567333333333 1 -0.07259376666666666
 -0.3505728333333333 -0.1109294 -0.04877063333333333 0.03062916666666667 -0.04391080000000001 0.01606786666666667 0.008845633333333332 0.0345311 0.02389253333333333 -0.001131066666666666 0.02647363333333334 0.03242426666666667 -0.01510603333333333 0.01515333333333334 7.233333333335016e-06 -0.01189063333333333 -0.2132416333333333 -0.1460650666666667 -0.1191555666666666 -0.07259376666666666 1


