# Created by Octave 3.8.2, Tue May 05 08:49:10 2015 BRT <gianarch@localhost>
# name: bin
# type: bool matrix
# rows: 21
# columns: 21
 1 0 0 0 0 0 0 0 0 0 0 1 0 0 0 0 0 0 0 0 1
 0 1 0 0 0 0 0 0 0 0 0 0 0 0 0 0 0 0 0 1 0
 0 0 1 0 0 0 0 0 0 0 1 0 0 0 0 0 0 0 1 0 0
 0 0 0 1 0 0 0 0 0 0 0 0 0 0 0 0 1 1 0 0 0
 0 0 0 0 1 0 0 0 0 0 0 0 0 0 0 0 0 0 0 0 0
 0 0 0 0 0 1 0 0 0 0 0 0 0 0 0 0 0 0 0 0 0
 0 0 0 0 0 0 1 0 0 0 0 0 0 0 0 0 0 0 0 0 0
 0 0 0 0 0 0 0 1 0 0 0 0 0 0 0 0 0 0 0 0 0
 0 0 0 0 0 0 0 0 1 0 0 0 0 0 0 0 0 0 0 0 0
 0 0 0 0 0 0 0 0 0 1 0 0 0 0 0 0 0 0 0 0 0
 0 0 1 0 0 0 0 0 0 0 1 1 0 0 1 1 0 0 1 0 0
 1 0 0 0 0 0 0 0 0 0 1 1 0 0 0 0 0 0 0 0 1
 0 0 0 0 0 0 0 0 0 0 0 0 1 0 0 0 0 0 0 0 0
 0 0 0 0 0 0 0 0 0 0 0 0 0 1 0 0 0 0 0 0 0
 0 0 0 0 0 0 0 0 0 0 1 0 0 0 1 0 0 0 0 0 0
 0 0 0 0 0 0 0 0 0 0 1 0 0 0 0 1 0 0 0 0 0
 0 0 0 1 0 0 0 0 0 0 0 0 0 0 0 0 1 0 0 0 0
 0 0 0 1 0 0 0 0 0 0 0 0 0 0 0 0 0 1 0 0 0
 0 0 1 0 0 0 0 0 0 0 1 0 0 0 0 0 0 0 1 0 0
 0 1 0 0 0 0 0 0 0 0 0 0 0 0 0 0 0 0 0 1 0
 1 0 0 0 0 0 0 0 0 0 0 1 0 0 0 0 0 0 0 0 1


